p cnf 1100000 455
1000000 1000001 1000002 1000003 0
1000000 1000100 1000200 1000300 0
1000000 1010000 1020000 1030000 0
-1000000 -1000001 0
-1000000 -1000100 0
-1000000 -1010000 0
-1000000 -1000002 0
-1000000 -1000200 0
-1000000 -1020000 0
-1000000 -1000003 0
-1000000 -1000300 0
-1000000 -1030000 0
-1000001 -1000002 0
-1000100 -1000200 0
-1010000 -1020000 0
-1000001 -1000003 0
-1000100 -1000300 0
-1010000 -1030000 0
-1000002 -1000003 0
-1000200 -1000300 0
-1020000 -1030000 0
1000100 1000101 1000102 1000103 0
1000001 1000101 1000201 1000301 0
1000001 1010001 1020001 1030001 0
-1000100 -1000101 0
-1000001 -1000101 0
-1000001 -1010001 0
-1000100 -1000102 0
-1000001 -1000201 0
-1000001 -1020001 0
-1000100 -1000103 0
-1000001 -1000301 0
-1000001 -1030001 0
-1000101 -1000102 0
-1000101 -1000201 0
-1010001 -1020001 0
-1000101 -1000103 0
-1000101 -1000301 0
-1010001 -1030001 0
-1000102 -1000103 0
-1000201 -1000301 0
-1020001 -1030001 0
1000200 1000201 1000202 1000203 0
1000002 1000102 1000202 1000302 0
1000002 1010002 1020002 1030002 0
-1000200 -1000201 0
-1000002 -1000102 0
-1000002 -1010002 0
-1000200 -1000202 0
-1000002 -1000202 0
-1000002 -1020002 0
-1000200 -1000203 0
-1000002 -1000302 0
-1000002 -1030002 0
-1000201 -1000202 0
-1000102 -1000202 0
-1010002 -1020002 0
-1000201 -1000203 0
-1000102 -1000302 0
-1010002 -1030002 0
-1000202 -1000203 0
-1000202 -1000302 0
-1020002 -1030002 0
1000300 1000301 1000302 1000303 0
1000003 1000103 1000203 1000303 0
1000003 1010003 1020003 1030003 0
-1000300 -1000301 0
-1000003 -1000103 0
-1000003 -1010003 0
-1000300 -1000302 0
-1000003 -1000203 0
-1000003 -1020003 0
-1000300 -1000303 0
-1000003 -1000303 0
-1000003 -1030003 0
-1000301 -1000302 0
-1000103 -1000203 0
-1010003 -1020003 0
-1000301 -1000303 0
-1000103 -1000303 0
-1010003 -1030003 0
-1000302 -1000303 0
-1000203 -1000303 0
-1020003 -1030003 0
1010000 1010001 1010002 1010003 0
1010000 1010100 1010200 1010300 0
1000100 1010100 1020100 1030100 0
-1010000 -1010001 0
-1010000 -1010100 0
-1000100 -1010100 0
-1010000 -1010002 0
-1010000 -1010200 0
-1000100 -1020100 0
-1010000 -1010003 0
-1010000 -1010300 0
-1000100 -1030100 0
-1010001 -1010002 0
-1010100 -1010200 0
-1010100 -1020100 0
-1010001 -1010003 0
-1010100 -1010300 0
-1010100 -1030100 0
-1010002 -1010003 0
-1010200 -1010300 0
-1020100 -1030100 0
1010100 1010101 1010102 1010103 0
1010001 1010101 1010201 1010301 0
1000101 1010101 1020101 1030101 0
-1010100 -1010101 0
-1010001 -1010101 0
-1000101 -1010101 0
-1010100 -1010102 0
-1010001 -1010201 0
-1000101 -1020101 0
-1010100 -1010103 0
-1010001 -1010301 0
-1000101 -1030101 0
-1010101 -1010102 0
-1010101 -1010201 0
-1010101 -1020101 0
-1010101 -1010103 0
-1010101 -1010301 0
-1010101 -1030101 0
-1010102 -1010103 0
-1010201 -1010301 0
-1020101 -1030101 0
1010200 1010201 1010202 1010203 0
1010002 1010102 1010202 1010302 0
1000102 1010102 1020102 1030102 0
-1010200 -1010201 0
-1010002 -1010102 0
-1000102 -1010102 0
-1010200 -1010202 0
-1010002 -1010202 0
-1000102 -1020102 0
-1010200 -1010203 0
-1010002 -1010302 0
-1000102 -1030102 0
-1010201 -1010202 0
-1010102 -1010202 0
-1010102 -1020102 0
-1010201 -1010203 0
-1010102 -1010302 0
-1010102 -1030102 0
-1010202 -1010203 0
-1010202 -1010302 0
-1020102 -1030102 0
1010300 1010301 1010302 1010303 0
1010003 1010103 1010203 1010303 0
1000103 1010103 1020103 1030103 0
-1010300 -1010301 0
-1010003 -1010103 0
-1000103 -1010103 0
-1010300 -1010302 0
-1010003 -1010203 0
-1000103 -1020103 0
-1010300 -1010303 0
-1010003 -1010303 0
-1000103 -1030103 0
-1010301 -1010302 0
-1010103 -1010203 0
-1010103 -1020103 0
-1010301 -1010303 0
-1010103 -1010303 0
-1010103 -1030103 0
-1010302 -1010303 0
-1010203 -1010303 0
-1020103 -1030103 0
1020000 1020001 1020002 1020003 0
1020000 1020100 1020200 1020300 0
1000200 1010200 1020200 1030200 0
-1020000 -1020001 0
-1020000 -1020100 0
-1000200 -1010200 0
-1020000 -1020002 0
-1020000 -1020200 0
-1000200 -1020200 0
-1020000 -1020003 0
-1020000 -1020300 0
-1000200 -1030200 0
-1020001 -1020002 0
-1020100 -1020200 0
-1010200 -1020200 0
-1020001 -1020003 0
-1020100 -1020300 0
-1010200 -1030200 0
-1020002 -1020003 0
-1020200 -1020300 0
-1020200 -1030200 0
1020100 1020101 1020102 1020103 0
1020001 1020101 1020201 1020301 0
1000201 1010201 1020201 1030201 0
-1020100 -1020101 0
-1020001 -1020101 0
-1000201 -1010201 0
-1020100 -1020102 0
-1020001 -1020201 0
-1000201 -1020201 0
-1020100 -1020103 0
-1020001 -1020301 0
-1000201 -1030201 0
-1020101 -1020102 0
-1020101 -1020201 0
-1010201 -1020201 0
-1020101 -1020103 0
-1020101 -1020301 0
-1010201 -1030201 0
-1020102 -1020103 0
-1020201 -1020301 0
-1020201 -1030201 0
1020200 1020201 1020202 1020203 0
1020002 1020102 1020202 1020302 0
1000202 1010202 1020202 1030202 0
-1020200 -1020201 0
-1020002 -1020102 0
-1000202 -1010202 0
-1020200 -1020202 0
-1020002 -1020202 0
-1000202 -1020202 0
-1020200 -1020203 0
-1020002 -1020302 0
-1000202 -1030202 0
-1020201 -1020202 0
-1020102 -1020202 0
-1010202 -1020202 0
-1020201 -1020203 0
-1020102 -1020302 0
-1010202 -1030202 0
-1020202 -1020203 0
-1020202 -1020302 0
-1020202 -1030202 0
1020300 1020301 1020302 1020303 0
1020003 1020103 1020203 1020303 0
1000203 1010203 1020203 1030203 0
-1020300 -1020301 0
-1020003 -1020103 0
-1000203 -1010203 0
-1020300 -1020302 0
-1020003 -1020203 0
-1000203 -1020203 0
-1020300 -1020303 0
-1020003 -1020303 0
-1000203 -1030203 0
-1020301 -1020302 0
-1020103 -1020203 0
-1010203 -1020203 0
-1020301 -1020303 0
-1020103 -1020303 0
-1010203 -1030203 0
-1020302 -1020303 0
-1020203 -1020303 0
-1020203 -1030203 0
1030000 1030001 1030002 1030003 0
1030000 1030100 1030200 1030300 0
1000300 1010300 1020300 1030300 0
-1030000 -1030001 0
-1030000 -1030100 0
-1000300 -1010300 0
-1030000 -1030002 0
-1030000 -1030200 0
-1000300 -1020300 0
-1030000 -1030003 0
-1030000 -1030300 0
-1000300 -1030300 0
-1030001 -1030002 0
-1030100 -1030200 0
-1010300 -1020300 0
-1030001 -1030003 0
-1030100 -1030300 0
-1010300 -1030300 0
-1030002 -1030003 0
-1030200 -1030300 0
-1020300 -1030300 0
1030100 1030101 1030102 1030103 0
1030001 1030101 1030201 1030301 0
1000301 1010301 1020301 1030301 0
-1030100 -1030101 0
-1030001 -1030101 0
-1000301 -1010301 0
-1030100 -1030102 0
-1030001 -1030201 0
-1000301 -1020301 0
-1030100 -1030103 0
-1030001 -1030301 0
-1000301 -1030301 0
-1030101 -1030102 0
-1030101 -1030201 0
-1010301 -1020301 0
-1030101 -1030103 0
-1030101 -1030301 0
-1010301 -1030301 0
-1030102 -1030103 0
-1030201 -1030301 0
-1020301 -1030301 0
1030200 1030201 1030202 1030203 0
1030002 1030102 1030202 1030302 0
1000302 1010302 1020302 1030302 0
-1030200 -1030201 0
-1030002 -1030102 0
-1000302 -1010302 0
-1030200 -1030202 0
-1030002 -1030202 0
-1000302 -1020302 0
-1030200 -1030203 0
-1030002 -1030302 0
-1000302 -1030302 0
-1030201 -1030202 0
-1030102 -1030202 0
-1010302 -1020302 0
-1030201 -1030203 0
-1030102 -1030302 0
-1010302 -1030302 0
-1030202 -1030203 0
-1030202 -1030302 0
-1020302 -1030302 0
1030300 1030301 1030302 1030303 0
1030003 1030103 1030203 1030303 0
1000303 1010303 1020303 1030303 0
-1030300 -1030301 0
-1030003 -1030103 0
-1000303 -1010303 0
-1030300 -1030302 0
-1030003 -1030203 0
-1000303 -1020303 0
-1030300 -1030303 0
-1030003 -1030303 0
-1000303 -1030303 0
-1030301 -1030302 0
-1030103 -1030203 0
-1010303 -1020303 0
-1030301 -1030303 0
-1030103 -1030303 0
-1010303 -1030303 0
-1030302 -1030303 0
-1030203 -1030303 0
-1020303 -1030303 0
1000000 1000100 1010000 1010100 0
-1000000 -1000100 0
-1000000 -1010000 0
-1000000 -1010100 0
-1000100 -1010000 0
-1000100 -1010100 0
-1010000 -1010100 0
1000200 1000300 1010200 1010300 0
-1000200 -1000300 0
-1000200 -1010200 0
-1000200 -1010300 0
-1000300 -1010200 0
-1000300 -1010300 0
-1010200 -1010300 0
1020000 1020100 1030000 1030100 0
-1020000 -1020100 0
-1020000 -1030000 0
-1020000 -1030100 0
-1020100 -1030000 0
-1020100 -1030100 0
-1030000 -1030100 0
1020200 1020300 1030200 1030300 0
-1020200 -1020300 0
-1020200 -1030200 0
-1020200 -1030300 0
-1020300 -1030200 0
-1020300 -1030300 0
-1030200 -1030300 0
1000001 1000101 1010001 1010101 0
-1000001 -1000101 0
-1000001 -1010001 0
-1000001 -1010101 0
-1000101 -1010001 0
-1000101 -1010101 0
-1010001 -1010101 0
1000201 1000301 1010201 1010301 0
-1000201 -1000301 0
-1000201 -1010201 0
-1000201 -1010301 0
-1000301 -1010201 0
-1000301 -1010301 0
-1010201 -1010301 0
1020001 1020101 1030001 1030101 0
-1020001 -1020101 0
-1020001 -1030001 0
-1020001 -1030101 0
-1020101 -1030001 0
-1020101 -1030101 0
-1030001 -1030101 0
1020201 1020301 1030201 1030301 0
-1020201 -1020301 0
-1020201 -1030201 0
-1020201 -1030301 0
-1020301 -1030201 0
-1020301 -1030301 0
-1030201 -1030301 0
1000002 1000102 1010002 1010102 0
-1000002 -1000102 0
-1000002 -1010002 0
-1000002 -1010102 0
-1000102 -1010002 0
-1000102 -1010102 0
-1010002 -1010102 0
1000202 1000302 1010202 1010302 0
-1000202 -1000302 0
-1000202 -1010202 0
-1000202 -1010302 0
-1000302 -1010202 0
-1000302 -1010302 0
-1010202 -1010302 0
1020002 1020102 1030002 1030102 0
-1020002 -1020102 0
-1020002 -1030002 0
-1020002 -1030102 0
-1020102 -1030002 0
-1020102 -1030102 0
-1030002 -1030102 0
1020202 1020302 1030202 1030302 0
-1020202 -1020302 0
-1020202 -1030202 0
-1020202 -1030302 0
-1020302 -1030202 0
-1020302 -1030302 0
-1030202 -1030302 0
1000003 1000103 1010003 1010103 0
-1000003 -1000103 0
-1000003 -1010003 0
-1000003 -1010103 0
-1000103 -1010003 0
-1000103 -1010103 0
-1010003 -1010103 0
1000203 1000303 1010203 1010303 0
-1000203 -1000303 0
-1000203 -1010203 0
-1000203 -1010303 0
-1000303 -1010203 0
-1000303 -1010303 0
-1010203 -1010303 0
1020003 1020103 1030003 1030103 0
-1020003 -1020103 0
-1020003 -1030003 0
-1020003 -1030103 0
-1020103 -1030003 0
-1020103 -1030103 0
-1030003 -1030103 0
1020203 1020303 1030203 1030303 0
-1020203 -1020303 0
-1020203 -1030203 0
-1020203 -1030303 0
-1020303 -1030203 0
-1020303 -1030303 0
-1030203 -1030303 0
1000000 0
1000302 0
1010002 0
1010203 0
1020200 0
1030100 0
1030301 0
